DepotIndex; DepotCapacity; DepotRemaCapacity; CustomerIndex; CustomerInternalId; CustomerDemand
 3; 3000 ; 25; 0; 1 ; 6
 11; 10000 ; 3264; 1; 2 ; 72
 11; 10000 ; 3264; 2; 3 ; 93
 3; 3000 ; 25; 3; 4 ; 28
 12; 220 ; 63; 4; 5 ; 5
 11; 10000 ; 3264; 5; 6 ; 43
 3; 3000 ; 25; 6; 7 ; 1
 11; 10000 ; 3264; 7; 8 ; 36
 11; 10000 ; 3264; 8; 9 ; 53
 11; 10000 ; 3264; 9; 10 ; 63
 0; 1000 ; 109; 10; 11 ; 25
 6; 800 ; 207; 11; 12 ; 50
 11; 10000 ; 3264; 12; 13 ; 57
 4; 100 ; 9; 13; 14 ; 1
 11; 10000 ; 3264; 14; 15 ; 66
 11; 10000 ; 3264; 15; 16 ; 37
 11; 10000 ; 3264; 16; 17 ; 51
 6; 800 ; 207; 17; 18 ; 47
 3; 3000 ; 25; 18; 19 ; 88
 11; 10000 ; 3264; 19; 20 ; 75
 3; 3000 ; 25; 20; 21 ; 48
 11; 10000 ; 3264; 21; 22 ; 40
 8; 80 ; 8; 22; 23 ; 8
 11; 10000 ; 3264; 23; 24 ; 69
 11; 10000 ; 3264; 24; 25 ; 93
 2; 200 ; 41; 25; 26 ; 29
 11; 10000 ; 3264; 26; 27 ; 5
 3; 3000 ; 25; 27; 28 ; 53
 11; 10000 ; 3264; 28; 29 ; 8
 6; 800 ; 207; 29; 30 ; 24
 3; 3000 ; 25; 30; 31 ; 53
 11; 10000 ; 3264; 31; 32 ; 13
 3; 3000 ; 25; 32; 33 ; 47
 3; 3000 ; 25; 33; 34 ; 57
 10; 200 ; 6; 34; 35 ; 9
 11; 10000 ; 3264; 35; 36 ; 74
 11; 10000 ; 3264; 36; 37 ; 83
 11; 10000 ; 3264; 37; 38 ; 96
 11; 10000 ; 3264; 38; 39 ; 42
 11; 10000 ; 3264; 39; 40 ; 80
 11; 10000 ; 3264; 40; 41 ; 22
 11; 10000 ; 3264; 41; 42 ; 56
 0; 1000 ; 109; 42; 43 ; 43
 1; 100 ; 1; 43; 44 ; 12
 11; 10000 ; 3264; 44; 45 ; 73
 10; 200 ; 6; 45; 46 ; 32
 9; 80 ; 0; 46; 47 ; 8
 11; 10000 ; 3264; 47; 48 ; 79
 6; 800 ; 207; 48; 49 ; 79
 3; 3000 ; 25; 49; 50 ; 4
 11; 10000 ; 3264; 50; 51 ; 14
 11; 10000 ; 3264; 51; 52 ; 17
 6; 800 ; 207; 52; 53 ; 19
 11; 10000 ; 3264; 53; 54 ; 44
 9; 80 ; 0; 54; 55 ; 5
 5; 60 ; 23; 55; 56 ; 37
 11; 10000 ; 3264; 56; 57 ; 100
 11; 10000 ; 3264; 57; 58 ; 62
 11; 10000 ; 3264; 58; 59 ; 90
 11; 10000 ; 3264; 59; 60 ; 57
 6; 800 ; 207; 60; 61 ; 44
 0; 1000 ; 109; 61; 62 ; 37
 3; 3000 ; 25; 62; 63 ; 80
 11; 10000 ; 3264; 63; 64 ; 60
 11; 10000 ; 3264; 64; 65 ; 95
 11; 10000 ; 3264; 65; 66 ; 56
 11; 10000 ; 3264; 66; 67 ; 56
 3; 3000 ; 25; 67; 68 ; 9
 0; 1000 ; 109; 68; 69 ; 39
 3; 3000 ; 25; 69; 70 ; 15
 3; 3000 ; 25; 70; 71 ; 4
 3; 3000 ; 25; 71; 72 ; 58
 11; 10000 ; 3264; 72; 73 ; 73
 11; 10000 ; 3264; 73; 74 ; 5
 11; 10000 ; 3264; 74; 75 ; 12
 3; 3000 ; 25; 75; 76 ; 3
 10; 200 ; 6; 76; 77 ; 8
 11; 10000 ; 3264; 77; 78 ; 31
 12; 220 ; 63; 78; 79 ; 48
 11; 10000 ; 3264; 79; 80 ; 3
 3; 3000 ; 25; 80; 81 ; 52
 0; 1000 ; 109; 81; 82 ; 99
 11; 10000 ; 3264; 82; 83 ; 29
 11; 10000 ; 3264; 83; 84 ; 12
 11; 10000 ; 3264; 84; 85 ; 50
 3; 3000 ; 25; 85; 86 ; 98
 7; 80 ; 58; 86; 87 ; 4
 3; 3000 ; 25; 87; 88 ; 56
 11; 10000 ; 3264; 88; 89 ; 24
 6; 800 ; 207; 89; 90 ; 33
 10; 200 ; 6; 90; 91 ; 45
 11; 10000 ; 3264; 91; 92 ; 98
 10; 200 ; 6; 92; 93 ; 4
 3; 3000 ; 25; 93; 94 ; 36
 3; 3000 ; 25; 94; 95 ; 72
 11; 10000 ; 3264; 95; 96 ; 26
 11; 10000 ; 3264; 96; 97 ; 71
 11; 10000 ; 3264; 97; 98 ; 84
 3; 3000 ; 25; 98; 99 ; 21
 3; 3000 ; 25; 99; 100 ; 99
 2; 200 ; 41; 100; 101 ; 33
 11; 10000 ; 3264; 101; 102 ; 84
 11; 10000 ; 3264; 102; 103 ; 74
 11; 10000 ; 3264; 103; 104 ; 93
 11; 10000 ; 3264; 104; 105 ; 25
 11; 10000 ; 3264; 105; 106 ; 39
 11; 10000 ; 3264; 106; 107 ; 42
 3; 3000 ; 25; 107; 108 ; 77
 11; 10000 ; 3264; 108; 109 ; 68
 11; 10000 ; 3264; 109; 110 ; 50
 8; 80 ; 8; 110; 111 ; 42
 11; 10000 ; 3264; 111; 112 ; 71
 11; 10000 ; 3264; 112; 113 ; 85
 2; 200 ; 41; 113; 114 ; 78
 3; 3000 ; 25; 114; 115 ; 64
 11; 10000 ; 3264; 115; 116 ; 5
 11; 10000 ; 3264; 116; 117 ; 93
 0; 1000 ; 109; 117; 118 ; 18
 3; 3000 ; 25; 118; 119 ; 38
 11; 10000 ; 3264; 119; 120 ; 29
 11; 10000 ; 3264; 120; 121 ; 81
 0; 1000 ; 109; 121; 122 ; 4
 0; 1000 ; 109; 122; 123 ; 23
 6; 800 ; 207; 123; 124 ; 11
 11; 10000 ; 3264; 124; 125 ; 86
 11; 10000 ; 3264; 125; 126 ; 2
 11; 10000 ; 3264; 126; 127 ; 31
 11; 10000 ; 3264; 127; 128 ; 54
 6; 800 ; 207; 128; 129 ; 87
 6; 800 ; 207; 129; 130 ; 17
 11; 10000 ; 3264; 130; 131 ; 81
 11; 10000 ; 3264; 131; 132 ; 72
 12; 220 ; 63; 132; 133 ; 10
 11; 10000 ; 3264; 133; 134 ; 50
 0; 1000 ; 109; 134; 135 ; 25
 11; 10000 ; 3264; 135; 136 ; 71
 6; 800 ; 207; 136; 137 ; 85
 3; 3000 ; 25; 137; 138 ; 51
 3; 3000 ; 25; 138; 139 ; 29
 3; 3000 ; 25; 139; 140 ; 55
 11; 10000 ; 3264; 140; 141 ; 45
 3; 3000 ; 25; 141; 142 ; 100
 11; 10000 ; 3264; 142; 143 ; 38
 3; 3000 ; 25; 143; 144 ; 11
 3; 3000 ; 25; 144; 145 ; 82
 0; 1000 ; 109; 145; 146 ; 50
 11; 10000 ; 3264; 146; 147 ; 39
 2; 200 ; 41; 147; 148 ; 6
 3; 3000 ; 25; 148; 149 ; 87
 11; 10000 ; 3264; 149; 150 ; 83
 3; 3000 ; 25; 150; 151 ; 22
 3; 3000 ; 25; 151; 152 ; 24
 11; 10000 ; 3264; 152; 153 ; 69
 3; 3000 ; 25; 153; 154 ; 97
 3; 3000 ; 25; 154; 155 ; 65
 3; 3000 ; 25; 155; 156 ; 97
 0; 1000 ; 109; 156; 157 ; 79
 11; 10000 ; 3264; 157; 158 ; 79
 11; 10000 ; 3264; 158; 159 ; 46
 3; 3000 ; 25; 159; 160 ; 52
 11; 10000 ; 3264; 160; 161 ; 39
 11; 10000 ; 3264; 161; 162 ; 94
 0; 1000 ; 109; 162; 163 ; 97
 3; 3000 ; 25; 163; 164 ; 18
 11; 10000 ; 3264; 164; 165 ; 3
 11; 10000 ; 3264; 165; 166 ; 23
 11; 10000 ; 3264; 166; 167 ; 19
 11; 10000 ; 3264; 167; 168 ; 40
 11; 10000 ; 3264; 168; 169 ; 49
 11; 10000 ; 3264; 169; 170 ; 96
 11; 10000 ; 3264; 170; 171 ; 58
 3; 3000 ; 25; 171; 172 ; 15
 11; 10000 ; 3264; 172; 173 ; 21
 11; 10000 ; 3264; 173; 174 ; 56
 9; 80 ; 0; 174; 175 ; 67
 11; 10000 ; 3264; 175; 176 ; 10
 0; 1000 ; 109; 176; 177 ; 36
 11; 10000 ; 3264; 177; 178 ; 84
 11; 10000 ; 3264; 178; 179 ; 59
 3; 3000 ; 25; 179; 180 ; 85
 11; 10000 ; 3264; 180; 181 ; 60
 3; 3000 ; 25; 181; 182 ; 33
 11; 10000 ; 3264; 182; 183 ; 62
 3; 3000 ; 25; 183; 184 ; 70
 3; 3000 ; 25; 184; 185 ; 79
 3; 3000 ; 25; 185; 186 ; 98
 11; 10000 ; 3264; 186; 187 ; 99
 7; 80 ; 58; 187; 188 ; 18
 11; 10000 ; 3264; 188; 189 ; 55
 11; 10000 ; 3264; 189; 190 ; 75
 12; 220 ; 63; 190; 191 ; 94
 3; 3000 ; 25; 191; 192 ; 89
 2; 200 ; 41; 192; 193 ; 13
 11; 10000 ; 3264; 193; 194 ; 19
 11; 10000 ; 3264; 194; 195 ; 19
 4; 100 ; 9; 195; 196 ; 90
 11; 10000 ; 3264; 196; 197 ; 35
 11; 10000 ; 3264; 197; 198 ; 76
 1; 100 ; 1; 198; 199 ; 3
 3; 3000 ; 25; 199; 200 ; 11
 11; 10000 ; 3264; 200; 201 ; 98
 3; 3000 ; 25; 201; 202 ; 92
 11; 10000 ; 3264; 202; 203 ; 1
 11; 10000 ; 3264; 203; 204 ; 2
 3; 3000 ; 25; 204; 205 ; 63
 11; 10000 ; 3264; 205; 206 ; 57
 11; 10000 ; 3264; 206; 207 ; 50
 1; 100 ; 1; 207; 208 ; 19
 3; 3000 ; 25; 208; 209 ; 24
 11; 10000 ; 3264; 209; 210 ; 14
 6; 800 ; 207; 210; 211 ; 18
 11; 10000 ; 3264; 211; 212 ; 77
 11; 10000 ; 3264; 212; 213 ; 28
 11; 10000 ; 3264; 213; 214 ; 72
 11; 10000 ; 3264; 214; 215 ; 49
 3; 3000 ; 25; 215; 216 ; 58
 11; 10000 ; 3264; 216; 217 ; 84
 3; 3000 ; 25; 217; 218 ; 58
 11; 10000 ; 3264; 218; 219 ; 41
 11; 10000 ; 3264; 219; 220 ; 98
 6; 800 ; 207; 220; 221 ; 77
 11; 10000 ; 3264; 221; 222 ; 57
 0; 1000 ; 109; 222; 223 ; 39
 0; 1000 ; 109; 223; 224 ; 99
 0; 1000 ; 109; 224; 225 ; 83
 11; 10000 ; 3264; 225; 226 ; 54
 11; 10000 ; 3264; 226; 227 ; 86
 6; 800 ; 207; 227; 228 ; 2
 3; 3000 ; 25; 228; 229 ; 14
 11; 10000 ; 3264; 229; 230 ; 42
 3; 3000 ; 25; 230; 231 ; 14
 3; 3000 ; 25; 231; 232 ; 55
 11; 10000 ; 3264; 232; 233 ; 2
 3; 3000 ; 25; 233; 234 ; 18
 0; 1000 ; 109; 234; 235 ; 17
 8; 80 ; 8; 235; 236 ; 22
 0; 1000 ; 109; 236; 237 ; 28
 11; 10000 ; 3264; 237; 238 ; 3
 10; 200 ; 6; 238; 239 ; 96
 11; 10000 ; 3264; 239; 240 ; 53
 11; 10000 ; 3264; 240; 241 ; 15
 11; 10000 ; 3264; 241; 242 ; 36
 11; 10000 ; 3264; 242; 243 ; 98
 3; 3000 ; 25; 243; 244 ; 78
 11; 10000 ; 3264; 244; 245 ; 92
 1; 100 ; 1; 245; 246 ; 65
 3; 3000 ; 25; 246; 247 ; 64
 11; 10000 ; 3264; 247; 248 ; 43
 0; 1000 ; 109; 248; 249 ; 50
END OF FLS_ARRAY